0.00136372
0.00280198
0.00268721
0.0013352
0.00258581
0.00243374
0.00217881
0.00244453
0.00217031
0.00240477
0.00134589
0.00239187
0.00140393
0.00128983
0.00201161
0.00239364
0.00170975
0.00152684
0.00133234
0.00263846
0.00163785
0.00128762
0.00200359
0.0022692
0.00143476
0.00243374
0.00147901
0.00261238
0.00172836
0.00160216
0.00220258
0.00203661
0.00123862
0.00201546
0.00282985
0.00222834
0.0024334
0.00254497
0.00207096
0.00226898
0.00172845
0.00269516
0.0030706
0.00201898
0.00268625
0.00125679
0.00160281
0.00227768
0.00153486
0.00247899
0.00266422
0.00237968
0.00211357
0.00229201
0.00193221
0.00286444
0.00278229
0.00289493
0.00141657
0.0023605
0.00248408
0.00272523
0.0022625
0.00279188
0.00124247
0.0013645
0.0027757
0.00245455
0.00130039
0.00117199
0.00230642
0.00141614
0.00147858
0.00185588
0.00290231
0.00207197
0.00155735
0.00242966
0.00209058
0.00133112
0.00163706
0.00241337
0.00167836
0.00130502
0.00240625
0.00141229
0.00207376
0.00130536
0.00149852
0.00221295
0.0020995
0.00155776
0.00261334
0.00244144
0.0019985
0.00110754
0.00153278
0.00231975
0.00144104
0.00293416
0.00229067
0.00139291
0.00247195
0.00236657
0.00259376
0.00150556
0.00318495
0.00294485
0.00241559
0.00209993
0.00188364
0.00139753
0.00308406
0.00155379
0.00289662
0.00207573
0.00130832
0.00147641
0.00239556
0.00153033
0.00239242
0.00227263
0.00131979
0.001731
0.00285277
0.00263716
0.00278075
0.00257978
0.00214092
0.00296621
0.00246616
0.00141736
0.00183805
0.00131593
0.0027367
0.00141702
0.00276921
0.00239166
0.00214179
0.00219828
0.0027563
0.00144191
0.00228816
0.00250377
0.00141693
0.00238725
0.00195114
0.00146714
0.00258623
0.00149346
