0.000260372
0.00151839
0.00155003
0.000211456
0.00127464
0.00115052
0.000780786
0.000988139
0.000980808
0.000970952
0.00022897
0.0012719
0.000131102
0.000194334
0.000825147
0.0011868
0.000699613
0.000176551
0.000274695
0.00130142
0.000275609
0.000287335
0.000655085
0.000955418
0.000217664
0.00115052
0.000436555
0.00106045
0.000669633
0.00021097
0.000984108
0.000872272
0.000222849
0.000825104
0.00145064
0.000968015
0.00120399
0.00115052
0.000960625
0.00100283
0.00080028
0.00136582
0.00152579
0.000878538
0.00135012
0.000200774
0.000327642
0.000979023
0.000346614
0.00112206
0.00137223
0.000931732
0.00108656
0.000871917
0.00075127
0.00140651
0.00135453
0.00154655
0.000324814
0.000975687
0.00105273
0.00142869
0.000846716
0.00126328
0.000222806
0.00019899
0.00110121
0.00111261
0.000302993
0.000164629
0.000980532
0.000247644
0.000359385
0.000738731
0.00154829
0.000851836
9.29632e-05
0.00111106
0.000821855
0.000258907
0.00033699
0.000955055
0.000713936
0.000241567
0.000717541
0.000247688
0.000630022
0.00018809
0.000252213
0.000744562
0.000837556
0.00039376
0.00126036
0.00101188
0.000862968
0.000409019
0.000261561
0.000982214
0.000249196
0.00144099
0.00103418
0.000253975
0.00106684
0.000969553
0.00109043
0.00044599
0.00127844
0.00131995
0.000810411
0.000914726
0.000763954
0.000277625
0.00121087
0.000486784
0.00127916
0.000721145
0.000342408
0.000143685
0.000786936
0.00031506
0.00117102
0.000878204
0.00021163
0.000341428
0.00141271
0.00101643
0.00134058
0.00105899
0.000724074
0.0014917
0.000752133
0.000263432
0.000707329
0.000211674
0.00124627
0.000316909
0.00111708
0.00100877
0.00079334
0.000905146
0.00133112
0.000318461
0.00087196
0.0012166
0.000186262
0.00124825
0.00089144
0.000266536
0.00149037
0.000236469
